87.208	0
338.204	342
338.714	4104
338.939	5472
431.210	6840
431.435	8208
431.784	9576
431.994	15048
432.395	16416
521.692	17784
521.943	19152
522.718	20520
522.889	21888
523.923	23256
524.096	24624
615.435	27360
615.757	28728
616.039	30096
616.408	31464
617.815	32832
617.981	34200
618.404	35568
618.610	36936
619.023	38304
621.057	39672
621.248	41040
703.940	42408
704.584	43776
709.975	46512
711.794	49248
712.077	50616
712.508	51984
712.655	53352
713.147	54720
715.129	56088
716.443	57456
716.592	58824
717.075	60263
