88.818	0
295.690	342
296.045	4344
296.246	5792
387.155	8688
388.182	10136
388.349	11584
389.773	13032
389.976	14480
390.357	17376
485.121	20272
486.488	21720
487.117	23168
487.289	24616
578.565	26064
578.869	27512
579.098	28960
579.442	30408
579.682	31856
580.066	33304
580.327	34752
580.709	36200
580.901	37648
581.322	39096
670.184	41992
670.428	43440
670.927	44888
671.073	46336
671.495	47784
672.259	49232
672.492	50680
672.901	52128
673.106	53576
674.186	55024
674.398	56472
674.900	57920
675.189	59368
675.847	60263
