88.886	0
182.170	342
182.637	5760
277.495	7200
277.726	8640
278.983	10080
279.158	17280
371.066	18720
375.458	20160
375.630	21600
376.415	23040
376.758	24480
377.972	25920
460.374	27360
461.275	28800
462.248	30240
463.236	31680
463.543	33120
464.741	34560
465.061	36000
465.374	37440
465.673	38880
465.982	40320
466.284	41760
466.593	43200
547.293	44640
547.595	46080
547.887	47520
548.209	48960
553.367	50400
554.182	51840
554.491	53280
554.794	54720
555.174	56160
555.433	57600
555.729	59040
556.054	60263
