1086.149	0
1191.621	342
1192.033	2896
1192.405	4344
1192.798	5792
1280.263	8688
1280.608	10136
1281.015	11584
1281.181	13032
1281.514	14480
1282.397	15928
1282.570	17376
1373.477	18824
1373.802	20272
1373.985	21720
1374.331	23168
1374.595	24616
1374.851	26064
1375.184	27512
1375.475	28960
1375.808	30408
1376.146	31856
1376.693	33304
1377.045	34752
1377.484	36200
1377.660	37648
1377.941	39096
1378.231	40544
1464.248	41992
1464.990	43440
1465.860	44888
1466.098	46336
1466.492	47784
1466.676	49232
1467.338	50680
1467.601	52128
1468.835	53576
1474.338	55024
1474.628	56472
1474.807	57920
1475.307	60263
