90.554	0
182.672	342
182.991	1440
186.976	2880
187.173	4320
187.582	5760
278.422	7200
278.637	8640
279.454	10080
279.623	11520
280.334	12960
280.557	17280
375.317	18720
376.215	20160
376.594	21600
377.376	23040
378.202	24480
463.478	27360
468.808	30240
469.180	31680
469.531	33120
469.750	34560
470.140	36000
470.378	37440
470.791	38880
556.201	40320
556.460	41760
557.159	43200
557.488	44640
558.156	46080
558.479	47520
559.156	48960
559.474	50400
560.124	51840
560.479	53280
561.146	54720
561.478	56160
562.069	57600
562.408	59040
562.695	60263
