86.231	0
183.068	342
183.595	5760
270.662	7200
271.508	8640
271.744	10080
272.094	11520
272.350	12960
272.741	14400
359.135	15840
359.347	17280
359.681	18720
359.966	20160
360.369	21600
361.086	23040
361.268	24480
363.059	25920
363.337	27360
363.686	28800
363.969	30240
364.366	31680
364.630	33120
450.345	36000
450.605	37440
451.050	38880
451.226	40320
451.676	41760
452.169	43200
452.564	44640
453.324	46080
453.522	47520
454.163	48960
454.428	50400
455.045	51840
455.318	53280
456.302	54720
456.576	56160
457.363	57600
457.551	59040
458.071	60263
