87.487	0
182.766	342
183.230	1368
184.363	2736
184.532	4104
184.867	5472
274.063	6840
274.758	8208
274.926	9576
275.988	10944
276.154	13680
276.658	15048
276.817	16416
367.544	17784
367.840	19152
368.148	20520
368.481	21888
368.750	23256
369.071	24624
369.350	25992
458.483	27360
460.549	28728
460.778	30096
461.803	31464
461.953	32832
462.576	34200
462.725	35568
463.128	36936
463.650	38304
463.964	39672
464.535	41040
464.901	42408
469.858	43776
470.198	45144
556.631	46512
556.896	47880
557.611	49248
557.824	50616
558.584	51984
558.822	53352
560.566	54720
560.767	56088
561.518	57456
561.771	58824
565.542	60192
566.144	60263
