87.368	0
179.352	342
179.974	4104
180.387	5472
271.637	6840
271.955	8208
272.380	9576
273.507	10944
274.740	12312
275.312	13680
275.651	15048
276.095	16416
360.918	17784
361.110	19152
361.413	20520
361.689	21888
361.994	23256
362.270	24624
362.974	25992
363.249	27360
365.394	28728
365.699	30096
366.023	31464
366.302	32832
366.613	34200
366.942	35568
367.268	36936
367.554	38304
484.235	39672
484.433	41040
484.776	42408
485.114	43776
485.373	45144
485.740	46512
485.932	47880
486.269	49248
486.560	50616
486.854	51984
493.186	53352
493.344	54720
493.702	56088
494.024	57456
494.268	58824
494.651	60263
