88.216	0
178.952	342
179.598	5792
267.126	7240
267.259	8688
268.369	11584
272.002	14480
272.336	15928
272.745	17376
355.457	18824
356.208	20272
356.414	21720
356.816	23168
357.053	24616
357.444	26064
357.698	27512
370.551	30408
370.901	31856
371.718	34752
372.484	36200
372.720	37648
373.174	39096
458.435	40544
459.340	41992
460.313	43440
461.391	44888
461.537	46336
462.558	47784
463.369	49232
463.635	50680
464.767	52128
465.101	53576
465.310	55024
465.744	56472
466.760	57920
467.374	59368
468.197	60263
