0.392949
0.140339
0.057938
0.069243
0.103876
0.406457
0.640247
0.906628
0.384283
0.107901
0.292003
0.688163
0.455428
0.738958
0.985314
0.339360
0.616010
0.091223
0.426925
0.393030
0.091986
0.792422
0.768043
0.002962
0.919189
0.055144
0.230747
0.870748
0.601824
0.947278
0.181198
0.858348
0.433037
0.883818
0.217967
0.904782
0.384427
0.983895
0.224064
0.071688
0.863537
0.409319
0.131571
0.620371
0.799094
0.357622
0.693648
0.864685
0.330864
0.024364
0.918383
0.020042
0.055102
0.181033
0.216840
0.593328
0.753453
0.517422
0.601354
0.907842
0.705442
0.115542
0.348339
0.958813
0.537521
0.892000
0.922886
0.005025
0.329301
0.582403
0.664915
0.189215
0.146925
0.349051
0.912074
0.589500
0.729030
0.129152
0.401425
0.049007
0.089235
0.398137
0.709466
0.117660
0.806690
0.223508
0.699417
0.889972
0.925171
0.976167
0.694019
0.477381
0.579499
0.848756
0.473394
0.180680
0.808980
0.797431
0.958408
0.886515
0.381199
0.736702
0.931436
0.748931
0.357374
0.346927
0.790765
0.103977
0.619983
0.376306
0.203360
0.727437
0.497162
0.160216
0.190895
0.358914
0.201982
0.493898
0.145301
0.595971
0.240456
0.352360
0.058652
0.622853
0.089638
0.312597
0.850795
0.652965
0.438749
0.398924
0.012831
0.333530
0.970209
0.868500
0.445792
0.847366
0.754295
0.605998
0.588620
0.375579
0.604316
0.836272
0.182246
0.400114
0.783067
0.373781
0.306878
0.366707
0.284739
0.635378
0.141596
0.101809
0.534828
0.128354
0.324659
0.929175
0.160231
0.354372
0.754683
0.122048
0.303524
0.040127
0.019955
0.201192
0.488677
0.669107
0.922889
0.216105
0.904042
0.145291
0.642406
0.403496
0.006061
0.653235
0.524706
0.568220
0.853569
0.852559
0.585687
0.350092
0.298736
0.303390
0.426434
0.978079
0.849034
0.810269
0.569585
0.193693
0.632996
0.218961
0.557628
0.789458
0.654310
0.903335
0.399672
0.803039
0.486406
0.458589
0.220255
0.145647
0.477251
0.180374
0.510119
0.434729
0.924271
0.100102
0.172341
0.027909
0.366146
0.583672
0.899950
0.928453
0.001556
0.349221
0.740887
0.453801
0.084236
0.044967
0.625363
0.827123
0.834235
0.066442
0.359109
0.867274
0.360530
0.982147
0.837656
0.993771
0.189058
0.202933
0.486621
0.346253
0.848434
0.103892
0.500914
0.261715
0.786204
0.053672
0.015306
0.954932
0.676968
0.205415
0.847679
0.162202
0.507644
0.300514
0.679879
0.314009
0.705516
0.251054
0.617418
0.541578
0.004535
0.908043
0.626349
0.760743
0.400027
0.204485
0.897835
0.375822
0.463646
0.221591
0.646206
0.635483
0.973539
0.558152
0.663130
0.497290
0.062507
0.803723
0.765598
0.929722
0.005054
0.713385
0.178603
0.014847
0.408850
0.748874
0.850930
0.203907
0.521948
0.915427
0.486755
0.928707
0.406315
0.599971
0.199224
0.643880
0.777356
0.988468
0.822293
0.633471
0.775198
0.018872
0.191675
0.118825
0.793304
0.973725
0.388016
0.740379
0.039679
0.333444
0.870044
0.875524
0.167008
0.639168
0.802643
0.315159
0.327492
0.703970
0.653741
0.710333
0.260297
0.713859
0.293246
0.885286
0.794588
0.653113
0.862943
0.406016
0.111579
0.130326
0.723839
0.386557
0.885836
0.800507
0.631652
0.246656
0.173724
0.948870
0.081840
0.251372
0.886330
0.613940
0.085562
0.780251
0.109647
0.772396
0.953174
0.489918
0.032662
0.878587
0.791182
0.403246
0.035356
0.767469
0.294758
0.669717
0.926069
0.725121
0.177407
0.085961
0.806925
0.343907
0.252795
0.599109
0.947992
0.682430
0.210726
0.181314
0.744282
0.314503
0.762936
0.404823
0.291191
0.399784
0.270069
0.054926
0.947334
0.151790
0.183569
0.122639
0.010687
0.115181
0.652460
0.467735
0.639424
0.730541
0.431600
0.591365
0.574952
0.737592
0.878185
0.240538
0.683033
0.097305
0.387793
0.599582
0.923090
0.246606
0.667727
0.121537
0.986371
0.354755
0.743019
0.397576
0.043238
0.466531
0.324575
0.447756
0.030142
0.374748
0.933505
0.349833
0.435052
0.058259
0.607986
0.844981
0.151818
0.471964
0.855367
0.334132
0.771826
0.617168
0.062284
0.094145
0.085829
0.701184
0.212933
0.976735
0.586942
0.759667
0.406660
0.394643
0.329570
0.024090
0.486148
0.280841
0.016890
0.665099
0.172883
0.499042
0.115114
0.998303
0.018754
0.994485
0.883919
0.110249
0.858799
0.617831
0.226122
0.066556
0.827864
0.038807
0.003019
0.905351
0.176066
0.421336
0.037669
0.897828
0.816012
0.222470
0.323232
0.448585
0.117893
0.065400
0.451858
0.724414
0.649773
0.299959
0.631324
0.887258
0.227176
0.960767
0.008920
0.714225
0.750909
0.586846
0.437987
0.451319
0.499508
0.666748
0.122686
0.634312
0.368241
0.554010
0.369749
0.703393
0.671198
0.659607
0.065344
0.629018
0.488969
0.335519
0.699880
0.042064
0.249879
0.601629
0.730938
0.306130
0.970171
0.835225
0.303769
0.857871
0.702778
0.520838
0.445655
0.249799
0.865719
0.723161
0.046494
0.764495
0.011499
0.362212
0.602065
0.934324
0.125738
0.390952
0.808166
0.889227
0.657254
0.736478
0.559920
0.458907
0.905910
0.991239
0.537165
0.893243
0.621857
0.740035
0.954350
0.796157
0.943908
0.567794
0.717838
0.763018
0.867086
0.461828
0.091896
0.852645
0.491223
0.098862
0.149904
0.396371
0.801810
0.945397
0.088392
0.713464
0.204904
0.225779
0.369140
0.456273
0.332815
0.266185
0.677672
0.067735
0.728900
0.679727
0.016154
0.549992
0.126311
0.574896
0.368472
0.863424
0.284809
0.148503
0.932676
0.913261
0.842760
0.249777
0.415324
0.170137
0.436886
0.888065
0.416372
0.709432
0.014585
0.550370
0.286344
0.726949
0.680335
0.475101
0.413760
0.355658
0.809095
0.345356
0.187853
0.699291
0.365768
0.515882
0.016419
0.902270
0.509641
0.157313
0.866434
0.724634
0.677162
0.020618
0.538298
0.674962
0.290760
0.987137
0.092117
0.958119
0.386892
0.532748
0.699314
0.758060
0.887658
0.197821
0.092939
0.400431
0.690752
0.462677
0.831736
0.144111
0.241497
0.746190
0.375004
0.671390
0.339155
0.822992
0.639156
0.293289
0.242091
0.780906
0.893779
0.632545
0.135602
0.203395
0.658215
0.787401
0.476802
0.827125
0.368950
0.363702
0.702653
0.793833
0.315724
0.868622
0.758272
0.811684
0.182824
0.736582
0.251064
0.161962
0.940187
0.784546
0.968841
0.597403
0.305093
0.155738
0.875204
0.654648
0.398597
0.151616
0.672799
0.707517
0.862378
0.338899
0.994262
0.524847
0.190224
0.207060
0.921064
0.936480
0.750449
0.422045
0.488107
0.158077
0.032625
0.828874
0.020529
0.598902
0.061281
0.441902
0.075294
0.113650
0.179511
0.592984
0.663080
0.670358
0.588894
0.539182
0.513184
0.838515
0.455130
0.729999
0.351890
0.293239
0.302800
0.329511
0.878932
0.571194
0.805662
0.736083
0.086705
0.441135
0.057556
0.423821
0.296470
0.969265
0.853546
0.570381
0.528163
0.046350
0.156785
0.420857
0.968842
0.018845
0.577086
0.743246
0.372787
0.553262
0.008546
0.300267
0.587061
0.643111
0.384531
0.997933
0.435176
0.930989
0.640149
0.503565
0.685610
0.220874
0.945746
0.266711
0.376129
0.428890
0.987589
0.469569
0.264056
0.515258
0.397870
0.148600
0.752720
0.082948
0.798090
0.501860
0.096720
0.373197
0.256048
0.910828
0.866502
0.140895
0.181730
0.928742
0.584964
0.552207
0.239297
0.546795
0.671993
0.150695
0.877527
0.476891
0.989992
0.217699
0.979994
0.766440
0.275116
0.350293
0.208184
0.266094
0.286664
0.399202
0.365501
0.740427
0.555578
0.873077
0.236961
0.584393
0.263518
0.469961
0.736815
0.213381
0.536381
0.564202
0.683438
0.393407
0.680786
0.787282
0.465209
0.407390
0.435457
0.459549
0.064340
0.756592
0.958682
0.137195
0.902876
0.122818
0.956415
0.808373
0.643137
0.896619
0.340203
0.045982
0.711611
0.018651
0.369174
0.450641
0.519408
0.397408
0.106798
0.673588
0.745902
0.696521
0.702880
0.842171
0.300040
0.669940
0.230673
0.891309
0.956139
0.358414
0.031503
0.947551
0.775983
0.501542
0.585965
0.887635
0.207816
0.133546
0.589050
0.440081
0.615146
0.484808
0.955750
0.672142
0.849052
0.606375
0.507080
0.876546
0.796294
0.057090
0.276609
0.714125
0.885226
0.114828
0.312333
0.663406
0.424444
0.777650
0.496974
0.089566
0.209691
0.696096
0.876827
0.628906
0.950731
0.555379
0.210853
0.888432
0.517814
0.175728
0.605846
0.441145
0.499669
0.759371
0.152433
0.418144
0.798798
0.397169
0.037814
0.848746
0.482793
0.279853
0.336815
0.537631
0.755197
0.208480
0.303429
0.815776
0.109519
0.299742
0.137761
0.934383
0.484078
0.525469
0.020374
0.628940
0.389170
0.926547
0.318393
0.643412
0.704719
0.753025
0.693546
0.917774
0.160987
0.069448
0.953030
0.544838
0.359346
0.994368
0.944522
0.988209
0.101494
0.674831
0.439467
0.840722
0.198894
0.223808
0.331275
0.069853
0.415131
0.501493
0.604379
0.704478
0.616639
0.086716
0.822154
0.196006
0.596693
0.145712
0.388549
0.069910
0.517318
0.140450
0.767513
0.493183
0.367515
0.881067
0.534189
0.041405
0.196098
0.711989
0.538143
0.740652
0.477433
0.610462
0.747070
0.804640
0.624250
0.118032
0.493530
0.989538
0.918477
0.140375
0.956149
0.150873
0.290093
0.423541
0.202874
0.753164
0.911234
0.998327
0.533366
0.461346
0.083676
0.274689
0.398783
0.219639
0.227380
0.668709
0.332016
0.606208
0.587685
0.862546
0.270513
0.332771
0.244834
0.305282
0.483417
0.670316
0.225050
0.792704
0.379305
0.913808
0.611313
0.133450
0.427360
0.519564
0.593298
0.841584
0.498910
0.293291
0.670994
0.989855
0.365201
0.387034
0.879866
0.414184
0.369016
0.806606
0.824693
0.156173
0.245103
0.621816
0.526366
0.354017
0.121316
0.501340
0.495881
0.779347
0.162842
0.852767
0.620188
0.334855
0.923311
0.707565
0.816720
0.927415
0.488256
0.435421
0.512631
0.527062
0.436746
0.624675
